GERAL

MESH EM 1MM
20 FREQ

TROPICALIST Sem Bateria - motor em 45 gramas (copper alloy) - frame tropcalist com dois apois dos braços - Camera em Alumínio

       ***** MODAL MASSES, KINETIC ENERGIES, AND TRANSLATIONAL EFFECTIVE MASSES SUMMARY *****

                                                                         EFFECTIVE MASS
  MODE  FREQUENCY   MODAL MASS     KENE      |      X-DIR      RATIO%   Y-DIR      RATIO%   Z-DIR      RATIO% 
     1  0.3594E-02  0.7279E-03  0.1856E-06   |    0.3838E-04   11.53  0.1523E-03    0.00  0.1423E-03    0.00
     2  0.8879E-02  0.4602E-03  0.7161E-06   |    0.2408E-03   72.34  0.8916E-04    0.00  0.2919E-05    0.00
     3  0.1114E-01  0.5904E-03  0.1447E-05   |    0.5371E-04   16.13  0.9149E-04    0.00  0.1877E-03    0.00
     4   1.313      0.1529E-03  0.5202E-02   |    0.6695E-15    0.00  0.9301E-16    0.00  0.2111E-12    0.00
     5   5.187      0.2923E-03  0.1552       |     0.000        0.00  0.2962E-18    0.00  0.6467E-15    0.00
     6   10.59      0.1408E-03  0.3116       |    0.2231E-16    0.00  0.3785E-17    0.00  0.4486E-18    0.00
     7   79.32      0.1238E-03   15.37       |     0.000        0.00   0.000        0.00   0.000        0.00
     8   129.3      0.1199E-03   39.58       |     0.000        0.00   0.000        0.00   0.000        0.00
     9   179.5      0.4351E-04   27.67       |     0.000        0.00   0.000        0.00   0.000        0.00
    10   305.5      0.8506E-04   156.7       |     0.000        0.00   0.000        0.00   0.000        0.00
    11   374.3      0.1370E-03   378.9       |     0.000        0.00   0.000        0.00   0.000        0.00
    12   404.3      0.6946E-04   224.1       |     0.000        0.00   0.000        0.00   0.000        0.00
    13   513.7      0.9031E-04   470.4       |     0.000        0.00   0.000        0.00   0.000        0.00
    14   576.8      0.5011E-04   329.1       |     0.000        0.00   0.000        0.00   0.000        0.00
    15   593.7      0.5721E-04   398.1       |     0.000        0.00   0.000        0.00   0.000        0.00
    16   694.1      0.4858E-04   461.9       |     0.000        0.00   0.000        0.00   0.000        0.00
    17   709.4      0.6026E-04   598.6       |     0.000        0.00   0.000        0.00   0.000        0.00
    18   724.8      0.5046E-04   523.3       |     0.000        0.00   0.000        0.00   0.000        0.00
    19   911.2      0.3738E-04   612.7       |     0.000        0.00   0.000        0.00   0.000        0.00
    20   989.6      0.6728E-04   1301.       |     0.000        0.00   0.000        0.00   0.000        0.00
 --------------------------------------------------------------------------------------------------------------
   sum                                       |    0.3329E-03  100.00  0.3329E-03  100.00  0.3329E-03  100.00
 --------------------------------------------------------------------------------------------------------------

TROPCALIST Com bateria (ABS) - motor em 45 gramas (copper alloy) - frame tropcalist com dois apois dos braços - Camera em Alumínio

        ***** MODAL MASSES, KINETIC ENERGIES, AND TRANSLATIONAL EFFECTIVE MASSES SUMMARY *****

                                                                         EFFECTIVE MASS
  MODE  FREQUENCY   MODAL MASS     KENE      |      X-DIR      RATIO%   Y-DIR      RATIO%   Z-DIR      RATIO% 
     1   0.000      0.5597E-03   0.000       |    0.7816E-04   17.59  0.3528E-03    0.00  0.1341E-04    0.00
     2   0.000      0.4817E-03   0.000       |    0.7259E-05    1.63  0.2719E-04    0.00  0.4099E-03    0.00
     3  0.8919E-02  0.5501E-03  0.8637E-06   |    0.3589E-03   80.77  0.6437E-04    0.00  0.2105E-04    0.00
     4   5.126      0.2967E-03  0.1539       |    0.7490E-16    0.00  0.1560E-15    0.00  0.4240E-15    0.00
     5   15.42      0.1665E-03  0.7812       |    0.2300E-17    0.00  0.5258E-17    0.00  0.3434E-17    0.00
     6   17.41      0.1652E-03  0.9884       |    0.1293E-17    0.00   0.000        0.00  0.7247E-17    0.00
     7   80.97      0.1217E-03   15.75       |     0.000        0.00   0.000        0.00   0.000        0.00
     8   111.5      0.1207E-03   29.60       |     0.000        0.00   0.000        0.00   0.000        0.00
     9   143.1      0.1123E-03   45.41       |     0.000        0.00   0.000        0.00   0.000        0.00
    10   184.0      0.1129E-03   75.45       |     0.000        0.00   0.000        0.00   0.000        0.00
    11   339.7      0.8550E-04   194.7       |     0.000        0.00   0.000        0.00   0.000        0.00
    12   404.2      0.6209E-04   200.2       |     0.000        0.00   0.000        0.00   0.000        0.00
    13   453.2      0.7732E-04   313.5       |     0.000        0.00   0.000        0.00   0.000        0.00
    14   568.2      0.5405E-04   344.5       |     0.000        0.00   0.000        0.00   0.000        0.00
    15   611.3      0.5974E-04   440.7       |     0.000        0.00   0.000        0.00   0.000        0.00
    16   664.6      0.6205E-04   541.0       |     0.000        0.00   0.000        0.00   0.000        0.00
    17   718.1      0.3942E-04   401.2       |     0.000        0.00   0.000        0.00   0.000        0.00
    18   718.3      0.4564E-04   464.8       |     0.000        0.00   0.000        0.00   0.000        0.00
    19   817.5      0.8104E-04   1069.       |     0.000        0.00   0.000        0.00   0.000        0.00
    20   882.9      0.1927E-04   296.5       |     0.000        0.00   0.000        0.00   0.000        0.00
 --------------------------------------------------------------------------------------------------------------
   sum                                       |    0.4443E-03  100.00  0.4443E-03  100.00  0.4443E-03  100.00
 --------------------------------------------------------------------------------------------------------------
 
 TROPCALIST Com bateria (ABS) - motor em 45 gramas (copper alloy) - frame tropcalist com dois apois dos braços (395GPa) - Camera em Alumínio
 
 
         ***** MODAL MASSES, KINETIC ENERGIES, AND TRANSLATIONAL EFFECTIVE MASSES SUMMARY *****

                                                                         EFFECTIVE MASS
  MODE  FREQUENCY   MODAL MASS     KENE      |      X-DIR      RATIO%   Y-DIR      RATIO%   Z-DIR      RATIO% 
     1   0.000      0.6404E-03   0.000       |    0.1206E-03   26.91  0.3136E-03    0.00  0.1394E-04    0.00
     2   0.000      0.5917E-03   0.000       |    0.4445E-04    9.92  0.6429E-04    0.00  0.3394E-03    0.00
     3   0.000      0.7094E-03   0.000       |    0.2831E-03   63.18  0.7025E-04    0.00  0.9479E-04    0.00
     4   5.610      0.2987E-03  0.1856       |    0.3993E-16    0.00  0.1197E-15    0.00  0.8443E-19    0.00
     5   16.18      0.1668E-03  0.8624       |    0.5027E-17    0.00  0.2000E-17    0.00  0.1763E-16    0.00
     6   18.34      0.1656E-03   1.099       |    0.1967E-17    0.00  0.1795E-16    0.00  0.9909E-17    0.00
     7   88.43      0.1228E-03   18.95       |     0.000        0.00   0.000        0.00   0.000        0.00
     8   122.2      0.1215E-03   35.81       |     0.000        0.00   0.000        0.00   0.000        0.00
     9   156.8      0.1142E-03   55.42       |     0.000        0.00   0.000        0.00   0.000        0.00
    10   201.5      0.1133E-03   90.76       |     0.000        0.00   0.000        0.00   0.000        0.00
    11   373.6      0.8549E-04   235.6       |     0.000        0.00   0.000        0.00   0.000        0.00
    12   446.7      0.6036E-04   237.7       |     0.000        0.00   0.000        0.00   0.000        0.00
    13   502.0      0.7334E-04   364.8       |     0.000        0.00   0.000        0.00   0.000        0.00
    14   617.5      0.5222E-04   393.1       |     0.000        0.00   0.000        0.00   0.000        0.00
    15   670.9      0.5838E-04   518.6       |     0.000        0.00   0.000        0.00   0.000        0.00
    16   731.6      0.6204E-04   655.5       |     0.000        0.00   0.000        0.00   0.000        0.00
    17   782.6      0.6226E-04   752.7       |     0.000        0.00   0.000        0.00   0.000        0.00
    18   786.5      0.5557E-04   678.6       |     0.000        0.00   0.000        0.00   0.000        0.00
    19   890.9      0.7850E-04   1230.       |     0.000        0.00   0.000        0.00   0.000        0.00
    20   970.6      0.3029E-04   563.3       |     0.000        0.00   0.000        0.00   0.000        0.00
 --------------------------------------------------------------------------------------------------------------
   sum                                       |    0.4482E-03  100.00  0.4482E-03  100.00  0.4482E-03  100.00
 --------------------------------------------------------------------------------------------------------------

 
 
 TROPICALIST_ALT Com bateria (ABS) - motor em 45 gramas (copper alloy) - frame tropcalist com um apoio dos braços - Camera em Alumínio
 
         ***** MODAL MASSES, KINETIC ENERGIES, AND TRANSLATIONAL EFFECTIVE MASSES SUMMARY *****

                                                                         EFFECTIVE MASS
  MODE  FREQUENCY   MODAL MASS     KENE      |      X-DIR      RATIO%   Y-DIR      RATIO%   Z-DIR      RATIO% 
     1   0.000      0.5732E-03   0.000       |    0.7961E-04   18.41  0.3263E-03    0.00  0.2656E-04    0.00
     2  0.6293E-02  0.6326E-03  0.4945E-06   |    0.2957E-03   68.37  0.1030E-03    0.00  0.3375E-04    0.00
     3  0.8512E-02  0.5026E-03  0.7187E-06   |    0.5718E-04   13.22  0.3129E-05    0.00  0.3722E-03    0.00
     4   5.192      0.2934E-03  0.1561       |    0.1935E-16    0.00  0.1407E-17    0.00  0.2450E-15    0.00
     5   11.72      0.1499E-03  0.4066       |    0.1170E-17    0.00  0.1908E-16    0.00  0.1164E-15    0.00
     6   15.52      0.1436E-03  0.6826       |    0.5293E-18    0.00  0.2492E-18    0.00  0.1059E-18    0.00
     7   66.83      0.1223E-03   10.78       |     0.000        0.00   0.000        0.00   0.000        0.00
     8   90.30      0.1367E-03   22.01       |     0.000        0.00   0.000        0.00   0.000        0.00
     9   117.7      0.9807E-04   26.83       |     0.000        0.00   0.000        0.00   0.000        0.00
    10   134.1      0.1689E-03   59.95       |     0.000        0.00   0.000        0.00   0.000        0.00
    11   135.5      0.2183E-03   79.14       |     0.000        0.00   0.000        0.00   0.000        0.00
    12   154.6      0.1465E-03   69.09       |     0.000        0.00   0.000        0.00   0.000        0.00
    13   165.3      0.1380E-03   74.41       |     0.000        0.00   0.000        0.00   0.000        0.00
    14   356.5      0.4845E-04   121.6       |     0.000        0.00   0.000        0.00   0.000        0.00
    15   519.5      0.3723E-04   198.4       |     0.000        0.00   0.000        0.00   0.000        0.00
    16   522.6      0.2331E-04   125.7       |     0.000        0.00   0.000        0.00   0.000        0.00
    17   523.5      0.2270E-04   122.8       |     0.000        0.00   0.000        0.00   0.000        0.00
    18   537.1      0.4586E-04   261.2       |     0.000        0.00   0.000        0.00   0.000        0.00
    19   575.6      0.5062E-04   331.0       |     0.000        0.00   0.000        0.00   0.000        0.00
    20   599.6      0.5427E-04   385.1       |     0.000        0.00   0.000        0.00   0.000        0.00
 --------------------------------------------------------------------------------------------------------------
   sum                                       |    0.4325E-03  100.00  0.4325E-03  100.00  0.4325E-03  100.00
 --------------------------------------------------------------------------------------------------------------

 TROPICALIST_ALT Com bateria (ABS) - motor em 45 gramas (copper alloy) - frame tropcalist com um apoio dos braços (6mm) - Camera em Alumínio


        ***** MODAL MASSES, KINETIC ENERGIES, AND TRANSLATIONAL EFFECTIVE MASSES SUMMARY *****

                                                                         EFFECTIVE MASS
  MODE  FREQUENCY   MODAL MASS     KENE      |      X-DIR      RATIO%   Y-DIR      RATIO%   Z-DIR      RATIO% 
     1  0.4699E-02  0.7389E-03  0.3221E-06   |    0.1202E-03   36.44  0.6238E-04    0.00  0.1473E-03    0.00
     2  0.1087E-01  0.6011E-03  0.1402E-05   |    0.7823E-04   23.71  0.7061E-04    0.00  0.1811E-03    0.00
     3  0.1345E-01  0.5527E-03  0.1973E-05   |    0.1315E-03   39.85  0.1970E-03    0.00  0.1505E-05    0.00
     4   1.014      0.1385E-03  0.2809E-02   |    0.2919E-12    0.00  0.3103E-12    0.00  0.5246E-13    0.00
     5   5.400      0.2914E-03  0.1677       |    0.6280E-16    0.00  0.2674E-15    0.00  0.3310E-17    0.00
     6   10.84      0.1245E-03  0.2886       |    0.3350E-16    0.00  0.8059E-17    0.00   0.000        0.00
     7   81.50      0.1283E-03   16.82       |     0.000        0.00   0.000        0.00   0.000        0.00
     8   127.5      0.1579E-03   50.66       |     0.000        0.00   0.000        0.00   0.000        0.00
     9   146.1      0.1992E-03   83.91       |     0.000        0.00   0.000        0.00   0.000        0.00
    10   161.0      0.1354E-03   69.25       |     0.000        0.00   0.000        0.00   0.000        0.00
    11   161.1      0.1035E-03   53.07       |     0.000        0.00   0.000        0.00   0.000        0.00
    12   202.6      0.4132E-04   33.49       |     0.000        0.00   0.000        0.00   0.000        0.00
    13   329.2      0.5721E-04   122.4       |     0.000        0.00   0.000        0.00   0.000        0.00
    14   440.2      0.2227E-04   85.16       |     0.000        0.00   0.000        0.00   0.000        0.00
    15   591.0      0.5852E-04   403.4       |     0.000        0.00   0.000        0.00   0.000        0.00
    16   604.5      0.4898E-04   353.3       |     0.000        0.00   0.000        0.00   0.000        0.00
    17   614.3      0.5499E-04   409.6       |     0.000        0.00   0.000        0.00   0.000        0.00
    18   623.5      0.5095E-04   391.0       |     0.000        0.00   0.000        0.00   0.000        0.00
    19   671.9      0.5557E-04   495.2       |     0.000        0.00   0.000        0.00   0.000        0.00
    20   708.6      0.4856E-04   481.2       |     0.000        0.00   0.000        0.00   0.000        0.00
 --------------------------------------------------------------------------------------------------------------
   sum                                       |    0.3299E-03  100.00  0.3299E-03  100.00  0.3299E-03  100.00
 --------------------------------------------------------------------------------------------------------------


SOURCE_ONE Com bateria (ABS) - motor em 45 gramas (copper alloy) - Camera em Alumínio

        ***** MODAL MASSES, KINETIC ENERGIES, AND TRANSLATIONAL EFFECTIVE MASSES SUMMARY *****

                                                                         EFFECTIVE MASS
  MODE  FREQUENCY   MODAL MASS     KENE      |      X-DIR      RATIO%   Y-DIR      RATIO%   Z-DIR      RATIO% 
     1   0.000      0.8277E-03   0.000       |    0.8906E-04   19.99  0.1167E-03    0.00  0.2397E-03    0.00
     2   0.000      0.8620E-03   0.000       |    0.2302E-03   51.67  0.2143E-03    0.00  0.9336E-06    0.00
     3  0.1439E-01  0.9689E-03  0.3958E-05   |    0.1262E-03   28.34  0.1144E-03    0.00  0.2048E-03    0.00
     4   19.32      0.2338E-03   1.723       |     0.000        0.00  0.6430E-18    0.00  0.1617E-18    0.00
     5   23.56      0.1040E-03   1.139       |     0.000        0.00  0.9705E-19    0.00  0.4695E-18    0.00
     6   24.04      0.1005E-03   1.147       |     0.000        0.00   0.000        0.00  0.3359E-18    0.00
     7   72.92      0.1018E-03   10.69       |     0.000        0.00   0.000        0.00   0.000        0.00
     8   99.80      0.9609E-04   18.89       |     0.000        0.00   0.000        0.00   0.000        0.00
     9   123.0      0.1221E-03   36.45       |     0.000        0.00   0.000        0.00   0.000        0.00
    10   164.0      0.1291E-03   68.58       |     0.000        0.00   0.000        0.00   0.000        0.00
    11   241.7      0.1519E-03   175.2       |     0.000        0.00   0.000        0.00   0.000        0.00
    12   246.6      0.1384E-03   166.0       |     0.000        0.00   0.000        0.00   0.000        0.00
    13   293.4      0.1597E-03   271.3       |     0.000        0.00   0.000        0.00   0.000        0.00
    14   529.4      0.3534E-04   195.6       |     0.000        0.00   0.000        0.00   0.000        0.00
    15   611.2      0.4395E-04   324.1       |     0.000        0.00   0.000        0.00   0.000        0.00
    16   659.3      0.1878E-04   161.1       |     0.000        0.00   0.000        0.00   0.000        0.00
    17   673.9      0.2043E-04   183.1       |     0.000        0.00   0.000        0.00   0.000        0.00
    18   678.8      0.2232E-04   203.0       |     0.000        0.00   0.000        0.00   0.000        0.00
    19   770.2      0.2305E-04   269.9       |     0.000        0.00   0.000        0.00   0.000        0.00
    20   786.8      0.2945E-04   359.9       |     0.000        0.00   0.000        0.00   0.000        0.00
 --------------------------------------------------------------------------------------------------------------
   sum                                       |    0.4454E-03  100.00  0.4454E-03  100.00  0.4454E-03  100.00
 --------------------------------------------------------------------------------------------------------------


SOURCE_ONE Com bateria (ABS) - frame em 395MPa - motor em 45 gramas (copper alloy) - Camera em Alumínio


        ***** MODAL MASSES, KINETIC ENERGIES, AND TRANSLATIONAL EFFECTIVE MASSES SUMMARY *****

                                                                         EFFECTIVE MASS
  MODE  FREQUENCY   MODAL MASS     KENE      |      X-DIR      RATIO%   Y-DIR      RATIO%   Z-DIR      RATIO% 
     1   0.000      0.9556E-03   0.000       |    0.5715E-04   12.71  0.1809E-03    0.00  0.2117E-03    0.00
     2  0.5036E-02  0.6007E-03  0.3008E-06   |    0.3367E-03   74.87  0.1129E-03    0.00  0.8406E-07    0.00
     3  0.1030E-01  0.8499E-03  0.1779E-05   |    0.5586E-04   12.42  0.1559E-03    0.00  0.2380E-03    0.00
     4   20.70      0.2354E-03   1.992       |    0.3104E-18    0.00   0.000        0.00  0.2365E-18    0.00
     5   24.34      0.8745E-04   1.022       |    0.6014E-17    0.00   0.000        0.00  0.1327E-18    0.00
     6   24.59      0.8661E-04   1.033       |    0.4272E-17    0.00   0.000        0.00  0.1089E-18    0.00
     7   78.25      0.1016E-03   12.28       |     0.000        0.00   0.000        0.00   0.000        0.00
     8   107.1      0.9526E-04   21.59       |     0.000        0.00   0.000        0.00   0.000        0.00
     9   131.6      0.1254E-03   42.86       |     0.000        0.00   0.000        0.00   0.000        0.00
    10   175.5      0.1308E-03   79.52       |     0.000        0.00   0.000        0.00   0.000        0.00
    11   260.1      0.1477E-03   197.2       |     0.000        0.00   0.000        0.00   0.000        0.00
    12   264.3      0.1353E-03   186.5       |     0.000        0.00   0.000        0.00   0.000        0.00
    13   315.9      0.1572E-03   309.7       |     0.000        0.00   0.000        0.00   0.000        0.00
    14   569.3      0.3433E-04   219.6       |     0.000        0.00   0.000        0.00   0.000        0.00
    15   661.3      0.4698E-04   405.5       |     0.000        0.00   0.000        0.00   0.000        0.00
    16   715.9      0.2181E-04   220.7       |     0.000        0.00   0.000        0.00   0.000        0.00
    17   736.7      0.2537E-04   271.8       |     0.000        0.00   0.000        0.00   0.000        0.00
    18   747.4      0.2379E-04   262.3       |     0.000        0.00   0.000        0.00   0.000        0.00
    19   861.6      0.2102E-04   308.1       |     0.000        0.00   0.000        0.00   0.000        0.00
    20   881.4      0.2808E-04   430.5       |     0.000        0.00   0.000        0.00   0.000        0.00
 --------------------------------------------------------------------------------------------------------------
   sum                                       |    0.4497E-03  100.00  0.4497E-03  100.00  0.4497E-03  100.00
 --------------------------------------------------------------------------------------------------------------
 
SOURCE_ONE Com bateria (ABS) - frame em 395MPa - motor em 15 gramas (Aluminium alloy) - Camera em Alumínio
 
 
        ***** MODAL MASSES, KINETIC ENERGIES, AND TRANSLATIONAL EFFECTIVE MASSES SUMMARY *****

                                                                         EFFECTIVE MASS
  MODE  FREQUENCY   MODAL MASS     KENE      |      X-DIR      RATIO%   Y-DIR      RATIO%   Z-DIR      RATIO% 
     1   0.000      0.6912E-03   0.000       |    0.5281E-04   16.07  0.1196E-03    0.00  0.1562E-03    0.00
     2  0.5758E-02  0.4251E-03  0.2782E-06   |    0.2541E-03   77.31  0.7097E-04    0.00  0.3597E-05    0.00
     3  0.1103E-01  0.6399E-03  0.1535E-05   |    0.2176E-04    6.62  0.1381E-03    0.00  0.1688E-03    0.00
     4   29.98      0.1126E-03   1.999       |    0.8804E-19    0.00  0.8203E-19    0.00  0.1017E-18    0.00
     5   32.36      0.8224E-04   1.700       |    0.5990E-17    0.00   0.000        0.00  0.3870E-18    0.00
     6   35.34      0.6831E-04   1.684       |     0.000        0.00   0.000        0.00  0.2328E-18    0.00
     7   122.3      0.4146E-04   12.24       |     0.000        0.00   0.000        0.00   0.000        0.00
     8   145.6      0.3515E-04   14.70       |     0.000        0.00   0.000        0.00   0.000        0.00
     9   166.3      0.5029E-04   27.45       |     0.000        0.00   0.000        0.00   0.000        0.00
    10   214.9      0.6535E-04   59.57       |     0.000        0.00   0.000        0.00   0.000        0.00
    11   405.9      0.5138E-04   167.1       |     0.000        0.00   0.000        0.00   0.000        0.00
    12   409.2      0.5656E-04   186.9       |     0.000        0.00   0.000        0.00   0.000        0.00
    13   456.6      0.7255E-04   298.5       |     0.000        0.00   0.000        0.00   0.000        0.00
    14   616.6      0.3165E-04   237.5       |     0.000        0.00   0.000        0.00   0.000        0.00
    15   840.4      0.4497E-04   626.9       |     0.000        0.00   0.000        0.00   0.000        0.00
    16   946.1      0.1826E-04   322.6       |     0.000        0.00   0.000        0.00   0.000        0.00
    17   957.7      0.4471E-04   809.5       |     0.000        0.00   0.000        0.00   0.000        0.00
    18   1059.      0.1020E-04   225.7       |     0.000        0.00   0.000        0.00   0.000        0.00
    19   1084.      0.1121E-04   259.9       |     0.000        0.00   0.000        0.00   0.000        0.00
    20   1109.      0.1095E-04   265.7       |     0.000        0.00   0.000        0.00   0.000        0.00
 --------------------------------------------------------------------------------------------------------------
   sum                                       |    0.3286E-03  100.00  0.3286E-03  100.00  0.3286E-03  100.00
 --------------------------------------------------------------------------------------------------------------